#define NETWORK_SIZE 6
#define MAX_NOTES_IN_LAYER 10
#define BIGGEST_CONNECTION 100

static const float BIAS[] = {0, 0, 0, 0, 0, 0, 0, 0, 0, 0, 0, 0, 0, 0, 0, 0, 0, 0, 0, 0, 0, 0, 0, 0, 0, 0, 0, 0, 0, 0, 0, 0, 0, 0, 0, 0, 0, 0, 0, 0, 0, 0, 0, 0, 0, 0, };

static const uint16_t LAYER_SIZE[NETWORK_SIZE] = {6, 10, 10, 10, 10, 6};

static const float WEIGHTS[] = {-3.629769,3.755503,4.772518,-3.345834,4.136693,3.881558,-1.719633,-3.451768,3.828622,2.637482,-0.267277,-1.276408,-0.192339,-0.074883,-0.787143,0.145729,-0.577694,0.182017,-1.306491,0.909534,0.455815,-0.378938,-1.135690,0.570887,-0.310687,0.032079,-1.883035,0.046503,-0.380459,0.665663,1.366918,-0.893223,-0.825931,1.437528,0.764367,-1.376277,2.803519,0.653371,-0.468498,-1.869434,1.697020,-1.753550,-1.923186,1.995304,-0.777973,-1.750966,2.065695,2.021264,-0.937326,-2.797157,1.192181,-0.225967,0.024984,0.598407,-0.814183,-0.939809,1.338535,0.797023,-0.556542,-1.520062,-1.535953,-1.103292,-1.883948,-0.584370,-2.255306,-1.594419,2.303471,1.154603,-1.652142,1.238857,0.621259,1.206419,0.996478,0.720237,0.583104,0.305440,-0.837091,-0.847616,1.204028,-0.504186,1.326611,1.760044,1.329669,1.371062,1.248125,0.699951,-0.792117,-0.818059,1.149048,-1.708341,-1.489543,-1.535133,-1.617918,-0.850875,-1.537467,-1.704396,2.064218,1.201818,-0.698261,1.636709,-0.203218,
1.111941,0.120545,1.092424,0.592721,0.607867,-0.344617,-0.066701,1.324011,-1.107198,0.836870,1.238966,1.407951,0.092630,1.077277,0.224592,-1.145382,-1.073259,0.683772,-0.355568,-1.277763,-0.784575,-1.521052,0.439911,-1.811267,-0.901184,1.548069,1.951678,0.371863,0.228927,-0.846301,-1.509872,-1.375888,-1.542349,-1.653007,-1.630398,1.785893,1.606520,-1.374469,1.123936,0.448808,1.677096,0.953734,1.223383,1.055632,0.675166,-0.290868,-0.205350,1.267745,-0.602673,0.592592,0.051054,1.940866,-1.188456,1.838786,1.319124,-0.482670,-1.297710,-0.675747,-0.146938,0.810291,-1.115183,0.599450,0.065269,-0.724237,0.524982,-1.204848,1.277629,0.392689,-0.633192,-1.402222,0.701965,-0.452587,1.167527,-0.057751,0.913571,-0.069320,-0.585441,0.373406,1.470446,2.196201,-1.805629,2.132331,0.648713,-0.981060,1.722568,-1.342184,0.730707,0.210595,-0.397310,-0.999225,0.877720,-0.675373,1.032034,-0.092909,-0.254044,-0.337014,1.036218,0.631260,0.840816,1.663712,-1.406667,
2.103631,0.208160,-0.887785,1.915342,-0.650102,1.024667,0.728527,-0.112621,1.529400,-0.207180,1.564182,0.076015,-0.655880,0.524355,-0.996086,0.298028,-0.105614,0.276805,-0.659040,0.767417,-2.153167,-1.139040,1.896646,-2.091937,1.981496,-1.247406,-1.072605,-1.078329,-0.881145,1.062307,-1.482577,-0.149384,1.641034,-1.445738,1.263819,-0.866361,-0.551485,0.029394,-1.371631,0.838430,-0.612262,1.361071,0.090592,0.289843,-0.595481,0.437483,0.991926,1.046952,0.516451,-1.081810,-1.134223,-1.393179,2.336956,-1.760296,1.465301,-0.583899,-1.326087,-1.555354,-0.436697,-0.069957,-0.538089,-1.044455,-2.258470,-1.751161,0.624451,-0.627044,0.583866,1.970545,0.924302,0.519658,0.394388,1.464115,0.885040,1.434347,-0.713388,0.539218,-0.080411,-0.473726,0.099501,-0.433369,0.733172,-1.660867,-2.083625,-1.936657,0.238531,-0.106278,-0.254338,0.341594,0.896016,0.844079,0.038762,0.503103,0.094799,-0.575759,-0.501260,-0.430035,0.019318,-1.583504,-0.405440,-0.253521,0.545237,
1.604816,1.275847,2.157640,-1.119192,0.428242,0.683292,-0.444373,-0.303670,-0.338171,-0.982966,0.047375,-0.385077,-4.192852,1.351865,-0.115019,1.285976,0.267800,-0.340362,0.233580,0.517250,1.245415,0.679874,2.053337,-0.591956,0.938800,1.010060,-0.789074,0.632259,0.924681,0.184994,-0.230673,-0.974791,-0.224857,-0.414240,0.084950,-0.487575,0.336387,0.526904,0.024829,-0.141009,0.258622,0.370500,-1.273993,-0.121864,-0.335375,-0.430946,-1.038545,0.753468,0.774218,0.792735,0.302605,0.316606,-0.418301,-0.574285,-0.316358,0.166541,-1.395703,-0.248452,-0.313828,-0.644567,-0.431320,0.152594,-1.021594,0.108674,-0.477078,-0.173417,-0.606453,-0.107324,-1.027487,-0.332292,-0.564331,-0.793405,-0.809527,0.282687,-0.291719,-0.904460,0.498025,-0.643017,-0.023164,-0.834927,-0.638025,-0.568105,0.950408,-0.379943,-0.682468,-0.421123,-0.522341,0.926493,-1.804224,0.195389,0.264865,0.942349,-0.171178,0.792062,-0.957223,-0.150505,-0.634103,-0.957073,0.313133,-0.944222,-0.444213,
-0.322197,-0.811407,-0.776456,0.364419,-0.879712,-0.678959,-0.148136,0.093310,-1.363856,0.352973,2.967923,-0.256018,0.939328,1.988705,-2.027864,0.435162,};
